Hydrogen H 1 1.06 0.00008988 14 20 Gas 1 0 1 1 1 1 1
Helium He 2 4.002602 0.0001785 0.95 4.22 Gas 2 2 2 18 1 18 1
Lithium Li 3 6.941 0.534 453.69 1615 solid 3 4 3 1 2 1 AlkaliMetals
H Be 4 1.06 12.3 2 230 Gas 1 0 1 1 1 1 1
H B 5 1.06 12.3 2 230 Gas 1 0 1 1 1 1 1
H C 6 1.06 12.3 2 230 Gas 1 0 1 1 1 1 1
H N 7 1.06 12.3 2 230 Gas 1 0 1 1 1 1 1
H O 8 1.06 12.3 2 230 Gas 1 0 1 1 1 1 1
H F 9 1.06 12.3 2 230 Gas 1 0 1 1 1 1 1
H Ne 10 1.06 12.3 2 230 Gas 1 0 1 1 1 1 1
H H 11 1.06 12.3 2 230 Gas 1 0 1 1 1 1 1
H H 12 1.06 12.3 2 230 Gas 1 0 1 1 1 1 1
H H 13 1.06 12.3 2 230 Gas 1 0 1 1 1 1 1
H H 14 1.06 12.3 2 230 Gas 1 0 1 1 1 1 1
H H 15 1.06 12.3 2 230 Gas 1 0 1 1 1 1 1
H H 16 1.06 12.3 2 230 Gas 1 0 1 1 1 1 1
H H 17 1.06 12.3 2 230 Gas 1 0 1 1 1 1 1
H H 18 1.06 12.3 2 230 Gas 1 0 1 1 1 1 1
H H 19 1.06 12.3 2 230 Gas 1 0 1 1 1 1 1
H H 1 1.06 12.3 2 230 Gas 1 0 1 1 1 1 1
H H 1 1.06 12.3 2 230 Gas 1 0 1 1 1 1 1
H H 1 1.06 12.3 2 230 Gas 1 0 1 1 1 1 1
H H 1 1.06 12.3 2 230 Gas 1 0 1 1 1 1 1
H H 1 1.06 12.3 2 230 Gas 1 0 1 1 1 1 1
H H 1 1.06 12.3 2 230 Gas 1 0 1 1 1 1 1
H H 1 1.06 12.3 2 230 Gas 1 0 1 1 1 1 1
H H 1 1.06 12.3 2 230 Gas 1 0 1 1 1 1 1
H H 1 1.06 12.3 2 230 Gas 1 0 1 1 1 1 1
H H 1 1.06 12.3 2 230 Gas 1 0 1 1 1 1 1
H H 1 1.06 12.3 2 230 Gas 1 0 1 1 1 1 1
H H 1 1.06 12.3 2 230 Gas 1 0 1 1 1 1 1
H H 1 1.06 12.3 2 230 Gas 1 0 1 1 1 1 1
H H 1 1.06 12.3 2 230 Gas 1 0 1 1 1 1 1
H H 1 1.06 12.3 2 230 Gas 1 0 1 1 1 1 1
H H 1 1.06 12.3 2 230 Gas 1 0 1 1 1 1 1
H H 1 1.06 12.3 2 230 Gas 1 0 1 1 1 1 1
H H 1 1.06 12.3 2 230 Gas 1 0 1 1 1 1 1
H H 1 1.06 12.3 2 230 Gas 1 0 1 1 1 1 1
H H 1 1.06 12.3 2 230 Gas 1 0 1 1 1 1 1
H H 1 1.06 12.3 2 230 Gas 1 0 1 1 1 1 1
H H 1 1.06 12.3 2 230 Gas 1 0 1 1 1 1 1
H H 1 1.06 12.3 2 230 Gas 1 0 1 1 1 1 1
H H 1 1.06 12.3 2 230 Gas 1 0 1 1 1 1 1
H H 1 1.06 12.3 2 230 Gas 1 0 1 1 1 1 1
H H 1 1.06 12.3 2 230 Gas 1 0 1 1 1 1 1
H H 1 1.06 12.3 2 230 Gas 1 0 1 1 1 1 1
H H 1 1.06 12.3 2 230 Gas 1 0 1 1 1 1 1
H H 1 1.06 12.3 2 230 Gas 1 0 1 1 1 1 1
H H 1 1.06 12.3 2 230 Gas 1 0 1 1 1 1 1
H H 1 1.06 12.3 2 230 Gas 1 0 1 1 1 1 1
H H 1 1.06 12.3 2 230 Gas 1 0 1 1 1 1 1
H H 1 1.06 12.3 2 230 Gas 1 0 1 1 1 1 1
H H 1 1.06 12.3 2 230 Gas 1 0 1 1 1 1 1
H H 1 1.06 12.3 2 230 Gas 1 0 1 1 1 1 1
H H 1 1.06 12.3 2 230 Gas 1 0 1 1 1 1 1
H H 1 1.06 12.3 2 230 Gas 1 0 1 1 1 1 1
H H 1 1.06 12.3 2 230 Gas 1 0 1 1 1 1 1
H H 1 1.06 12.3 2 230 Gas 1 0 1 1 1 1 1
H H 1 1.06 12.3 2 230 Gas 1 0 1 1 1 1 1
H H 1 1.06 12.3 2 230 Gas 1 0 1 1 1 1 1
H H 1 1.06 12.3 2 230 Gas 1 0 1 1 1 1 1
H H 1 1.06 12.3 2 230 Gas 1 0 1 1 1 1 1
H H 1 1.06 12.3 2 230 Gas 1 0 1 1 1 1 1
H H 1 1.06 12.3 2 230 Gas 1 0 1 1 1 1 1
H H 1 1.06 12.3 2 230 Gas 1 0 1 1 1 1 1
H H 1 1.06 12.3 2 230 Gas 1 0 1 1 1 1 1
H H 1 1.06 12.3 2 230 Gas 1 0 1 1 1 1 1
H H 1 1.06 12.3 2 230 Gas 1 0 1 1 1 1 1
H H 1 1.06 12.3 2 230 Gas 1 0 1 1 1 1 1
H H 1 1.06 12.3 2 230 Gas 1 0 1 1 1 1 1
H H 1 1.06 12.3 2 230 Gas 1 0 1 1 1 1 1
H H 1 1.06 12.3 2 230 Gas 1 0 1 1 1 1 1
H H 1 1.06 12.3 2 230 Gas 1 0 1 1 1 1 1
H H 1 1.06 12.3 2 230 Gas 1 0 1 1 1 1 1
H H 1 1.06 12.3 2 230 Gas 1 0 1 1 1 1 1
H H 1 1.06 12.3 2 230 Gas 1 0 1 1 1 1 1
H H 1 1.06 12.3 2 230 Gas 1 0 1 1 1 1 1
H H 1 1.06 12.3 2 230 Gas 1 0 1 1 1 1 1
H H 1 1.06 12.3 2 230 Gas 1 0 1 1 1 1 1
H H 1 1.06 12.3 2 230 Gas 1 0 1 1 1 1 1
H H 1 1.06 12.3 2 230 Gas 1 0 1 1 1 1 1
H H 1 1.06 12.3 2 230 Gas 1 0 1 1 1 1 1
H H 1 1.06 12.3 2 230 Gas 1 0 1 1 1 1 1
H H 1 1.06 12.3 2 230 Gas 1 0 1 1 1 1 1
H H 1 1.06 12.3 2 230 Gas 1 0 1 1 1 1 1
H H 1 1.06 12.3 2 230 Gas 1 0 1 1 1 1 1
H H 1 1.06 12.3 2 230 Gas 1 0 1 1 1 1 1
H H 1 1.06 12.3 2 230 Gas 1 0 1 1 1 1 1
H H 1 1.06 12.3 2 230 Gas 1 0 1 1 1 1 1
H H 1 1.06 12.3 2 230 Gas 1 0 1 1 1 1 1
H H 1 1.06 12.3 2 230 Gas 1 0 1 1 1 1 1
H H 1 1.06 12.3 2 230 Gas 1 0 1 1 1 1 1
H H 1 1.06 12.3 2 230 Gas 1 0 1 1 1 1 1
H H 1 1.06 12.3 2 230 Gas 1 0 1 1 1 1 1
H H 1 1.06 12.3 2 230 Gas 1 0 1 1 1 1 1
H H 1 1.06 12.3 2 230 Gas 1 0 1 1 1 1 1
H H 1 1.06 12.3 2 230 Gas 1 0 1 1 1 1 1
H H 1 1.06 12.3 2 230 Gas 1 0 1 1 1 1 1
H H 1 1.06 12.3 2 230 Gas 1 0 1 1 1 1 1
H H 1 1.06 12.3 2 230 Gas 1 0 1 1 1 1 1
H H 1 1.06 12.3 2 230 Gas 1 0 1 1 1 1 1
H H 1 1.06 12.3 2 230 Gas 1 0 1 1 1 1 1
H H 1 1.06 12.3 2 230 Gas 1 0 1 1 1 1 1
H H 1 1.06 12.3 2 230 Gas 1 0 1 1 1 1 1
H H 1 1.06 12.3 2 230 Gas 1 0 1 1 1 1 1
H H 1 1.06 12.3 2 230 Gas 1 0 1 1 1 1 1
H H 1 1.06 12.3 2 230 Gas 1 0 1 1 1 1 1
H H 1 1.06 12.3 2 230 Gas 1 0 1 1 1 1 1
H H 1 1.06 12.3 2 230 Gas 1 0 1 1 1 1 1
H H 1 1.06 12.3 2 230 Gas 1 0 1 1 1 1 1
H H 1 1.06 12.3 2 230 Gas 1 0 1 1 1 1 1
H H 1 1.06 12.3 2 230 Gas 1 0 1 1 1 1 1
H H 1 1.06 12.3 2 230 Gas 1 0 1 1 1 1 1
H H 1 1.06 12.3 2 230 Gas 1 0 1 1 1 1 1
H H 1 1.06 12.3 2 230 Gas 1 0 1 1 1 1 1
H H 1 1.06 12.3 2 230 Gas 1 0 1 1 1 1 1
H H 1 1.06 12.3 2 230 Gas 1 0 1 1 1 1 1
H H 1 1.06 12.3 2 230 Gas 1 0 1 1 1 1 1
H H 1 1.06 12.3 2 230 Gas 1 0 1 1 1 1 1
H H 1 1.06 12.3 2 230 Gas 1 0 1 1 1 1 1
H H 1 1.06 12.3 2 230 Gas 1 0 1 1 1 1 1
H H 1 1.06 12.3 2 230 Gas 1 0 1 1 1 1 1
H H 1 1.06 12.3 2 230 Gas 1 0 1 1 1 1 1
H H 1 1.06 12.3 2 230 Gas 1 0 1 1 1 1 1
H H 1 1.06 12.3 2 230 Gas 1 0 1 1 1 1 1
H H 1 1.06 12.3 2 230 Gas 1 0 1 1 1 1 1